474216221
793494430
598007982
548062302
713825395
376286666
893448472
681356468
274256987
830849558
534936649
135824860
42822288
84646365
789476030
58437650
508143745
684358619
421961195
674578430
874802991
159641508
402586522
665444350
800636990
258585609
518975857
227868408
737581181
126311067
342956909
33708894
303096036
422117218
678410296
493938898
916261654
38397553
859748955
885773039
48167673
552822507
63308026
213408091
868200067
661474725
872825551
715124141
511821136
298206324
806943825
210949424
277515732
673782712
878484129
49194826
155642462
191692840
834968923
222454621
760291081
348559913
479830422
553835848
198499083
822786623
714015240
620950305
415223764
266474788
6297616
748870125
623723808
510603572
32658351
183433787
14961778
360512081
100491421
361554654
447977868
522920333
587643512
458945552
377524048
423841956
419756869
515616779
99469299
552021934
157103672
588855944
259949861
346898349
741357856
25219823
202710769
789119623
588169684
55776119
81976224
842441726
73033248
700793753
176345244
213207469
490088830
825692245
747364523
384040707
757726654
703200966
532098789
792344529
80306550
119824022
564667473
332080924
872737095
732976658
763140398
625333523
635153316
514737972
403152331
899097954
77328440
442918305
822248761
124757041
130237983
798082756
609165581
785540575
262480150
395290860
778454178
661269803
318822516
228281187
456548804
599564881
506207230
893867137
887216808
253141767
812175131
439506050
709071664
246905398
765459886
755649452
631296425
699175770
522615650
607787117
584127030
530446231
154728292
700199181
275433650
226600603
779397971
98399857
665863666
914158241
750127189
893808673
534728915
408188635
856934359
233834283
52032773
527509520
317106811
852770759
813048884
676480528
428266096
11579673
401944274
123521157
810382802
320258851
67071722
258731334
913802332
414358123
657604263
874352903
416245286
542885963
880261035
594006276
16380556
880042340
773411908
453169017
638531287
210455000
822113699
89285852
386680675
768537009
192075863
669790555
665081858
411882638
255212163
661576382
452763351
517873269
577432077
680234583
59397569
558420641
900139386
59454819
892695524
307384433
75351498
573055518
433730665
313283637
214848018
822118118
1376314
643305684
709005311
600865797
445926029
583093513
520020945
700426001
117461995
237175429
441079594
475680711
81337255
353193782
386065564
892766991
433952340
597629018
89950540
357719968
512222953
916857157
395776968
204877018
335983808
354161462
799886403
395104552
243450792
536691295
651885373
179386567
168009411
838841542
508457408
361802145
690340808
25619740
145271739
610257574
365874883
469181582
541036884
772875613
586196729
732456120
908987234
103889440
295231667
397589091
86054761
368927797
324697488
502783680
580548967
621391775
770288130
444975140
771385251
199203598
140281548
439397516
221782481
705386297
101208504
714962406
817600061
83466506
808791524
774073069
720206984
573458685
681031407
70990896
546000175
479076553
841931032
825055148
531453318
410626523
614494982
848436204
35895753
110130478
57045252
51189721
67452334
508247359
821259396
654552492
203880492
391175251
150035261
261152473
608441296
416436572
323356007
190312614
631592544
672791769
278587243
311347460
304618530
136429745
188248529
747681439
585376104
891733535
2651855
721783542
80507057
471831620
854065728
197996457
402627813
919977291
50780702
513478533
659003794
839677672
58936905
749861131
262458890
559925321
186727511
214334069
163705534
349998376
841939403
786830065
43653878
596902057
762440793
163878677
383495223
132074686
713294419
265503621
614724003
80814653
382991979
381250810
492858942
198154307
291721358
632665497
805136856
713521789
527740637
566606457
95523802
649756050
182642655
299451821
736013316
782342803
205221638
297219964
697333809
173524962
209168204
178816857
722962053
741871546
871041803
847051648
523016534
849284758
161882835
388977370
714549373
115524678
181587395
824113155
572756341
777485762
95482045
157971234
98815965
780764558
164053617
153340646
180801787
417510121
99965214
362336455
773808040
553719211
735386353
419210972
794238244
575121069
160420916
130420475
348271505
324279969
884906469
7069349
800675220
445645918
32438608
421231294
92534096
643410067
246760469
850611910
139712663
609713587
828374004
729066651
333187999
580594540
447496197
311013326
329346590
276674548
631818203
13044029
630292718
414021690
903217227
382148819
62061358
131049919
568482428
387678005
140160882
44120683
120625956
496151632
7392618
136599129
272686131
171730195
335253325
123095198
262027294
160259527
6802491
752352032
739177400
550361373
652239896
446826476
404932946
292092824
394188655
538239908
376679925
179951309
522675237
507348372
773992771
503005053
526952514
503195941
804918470
223754336
723487354
105114593
394003158
832334078
689063186
19644606
414105479
37012790
642315456
871691721
29965356
112275224
834217204
24490506
566354862
198593005
498453460
362396916
785025916
239385403
299979048
476418494
440473560
163405622
728745435
526907339
590060821
298718731
895196791
191124785
701605335
661984183
40774715
759062557
362215969
79015875
81239922
153246919
774026695
538731378
124971675
637147410
175461291
467672331
362933428
445368875
868127789
492570720
111588373
82383508
158169546
354069374
334749351
350242692
304652862
159570551
65494869
212539589
384956130
719389966
1513628
799940130
732197028
338473869
158334143
232094570
84308002
668507859
498664616
880267766
752940621
42593294
468066431
591957063
746057043
559456076
750236313
690848900
271864349
524982400
104765993
578847557
107163317
341532398
755725925
379414978
758659561
539263482
175476050
15265829
151050964
116729640
349847104
295377005
554592085
103814773
280260229
795892066
123042600
286552409
279629326
478130605
248966301
444363479
406433722
249484829
404536384
107601446
374731150
155047436
299169939
162192732
290448652
563235796
106020058
785333429
758849760
63494269
812349071
453726879
755152140
245577807
25137925
497145217
567210061
455495109
329176076
537276246
843340860
249742667
159492928
94927288
615880505
207642982
821181122
603036823
45152828
172480961
308172339
167595990
268669459
244479499
798563381
688224191
796552986
690380771
803929186
183970755
723724638
600560498
378823237
616815957
248747305
572697354
888727215
188912134
226880409
672504995
144989357
771069302
829608436
135449156
583752731
779702542
687464130
633489947
366180127
162699780
599503240
87923651
839539148
567247672
61518369
882281107
801036455
200046100
156044918
169055138
464894424
645270741
180754119
212473361
78403678
88716180
28318388
711139043
46856791
454012743
53022704
593541603
858593293
823169380
404642465
442630438
850806633
645806230
87691342
446114570
292594666
422735404
599476038
300592455
308173767
229173027
761939845
886561920
623240001
608550600
213220550
288078033
43412059
795740236
509253270
21619140
662480108
707498517
44610092
824470186
541954437
530267795
41252656
628422110
155862687
433142614
329367977
572058535
146583772
826738348
757852981
251612818
485587850
636610842
686299463
55698612
554577613
10875412
827362382
229460752
843755764
493135684
921458860
13615094
477250871
134100397
529491602
71033708
776825274
707855947
801416261
38480889
340236464
103594688
713557868
821621194
920049976
401124334
662977671
37730323
342630380
607766519
498349980
639139095
557770493
593617442
490241688
443487371
58306674
753179290
690500569
12140048
425389513
391228031
351678383
817913524
590426072
859612838
82069951
689194530
900696757
744178585
384724099
611427424
388626813
128105597
913210669
532730520
909103016
143241384
752018943
541418860
502798870
245186990
742127989
824455809
270820251
827285463
576653592
171897566
415871730
493867051
689207109
258118261
562384725
245836529
588737451
499474017
243089884
156239921
564495276
87859136
314265568
473662790
39002865
855512634
722426138
92592700
616103615
306826223
590907712
211893266
826181139
241996528
369199467
173307426
696222626
523323628
776605816
38516120
296646630
86988010
370938060
58960084
195673142
387944143
468319699
717540900
354083935
872609329
82172460
463422422
921427855
753092161
735677322
271332747
209526017
589362027
280525542
722054202
204861584
609504063
710423752
729337584
65657095
362450865
269514624
36282087
754237787
807446769
855568203
583925150
839606983
919319684
375157518
216907301
604252879
420869526
714971935
278118019
382877124
409275609
22150609
490354268
411604803
671510545
863742122
764080437
351768848
151642826
501693405
325259946
208831776
468811164
598608617
731266296
478272118
260044857
600185428
394104957
731251406
720737833
486741421
109078966
222103209
100159826
361837135
694355589
761422134
153686990
291213761
61307179
812974053
96751935
778858274
192460856
777458736
303008859
321313582
283911545
653380259
782436101
251708215
574820172
68111652
915093428
104915374
572251393
849001971
885626159
722171445
465277864
237984948
500386790
134538814
823032721
109926453
231741956
296674615
556603776
770206760
376573976
882437457
433494685
656504600
166147622
736277334
437000293
686856551
462588654
307251082
225979303
506148753
625928687
235723911
551459458
606344390
705938261
294482462
44730020
854212
578396997
120122940
321153542
463510898
905394132
572601589
373168160
182823926
373875374
147704989
640519425
52463653
408167464
704227284
781991170
293310106
888689329
395720158
379817228
619657760
655945616
408295536
495079821
823840606
834376656
577626691
204375665
883008323
86470986
18117997
188158733
157098719
311357721
139591808
372746840
70888654
505696293
136661924
102466564
830324820
277917482
461572010
923014484
743075890
261701825
266910159
374584753
140812207
295530333
751983999
553927756
18485258
359048440
536836032
616981379
543487297
357918997
766592333
10230892
515551760
895013193
295250389
24726120
644811398
352286409
825642571
125482283
